0
16
1
1
1
1
1
1
1
1
15
8
15
2
2
15
2
2
15
2
15
2
2
2
2
2
15
15
7
3
2
3
2
2
2
2
2
2
2
14
3
2
2
2
3
4
2
14
15
12
13
13
14
13
12
5
3
13
9
9
7
7
6
5
3
4
4
3
3
3
7
3
3
3
4
3
4
3
3
5
4
3
3
5
4
3
2
2
3
2
2
3
14
14
13
11
14
12
14
13
14
13
13
13
13
14
12
14
13
13
11
10
14
11
14
11
13
10
10
11
9
7
13
11
9
6
10
8
5
7
7
6
14
14
12
12
11
12
13
11
9
10
8
11
11
11
9
8
9
7
6
12
11
11
8
7
5
7
8
9
6
9
10
9
4
5
5
6
3
11
11
12
9
12
11
7
4
5
6
4
7
5
3
7
3
3
14
14
13
12
9
14
13
9
7
6
6
12
11
11
11
11
7
13
11
10
6
9
10
5
4
6
3
13
12
13
12
11
12
12
9
8
13
11
11
11
9
8
10
9
10
11
8
9
9
7
8
10
10
7
7
9
8
7
7
7
9
7
6
8
5
4
4
10
9
7
9
6
7
6
5
8
5
4
5
3
8
8
4
6
4
5
4
6
13
11
7
8
11
10
8
3
9
7
6
8
7
6
7
5
4
3
5
4
5
3
4
6
2
6
7
6
5
4
3
4
4
6
4
6
4
4
2
4
3
4
14
12
6
10
7
7
6
8
10
7
6
7
4
5
2
13
11
8
8
6
9
10
5
5
6
7
5
5
6
8
6
6
5
5
6
4
7
6
7
4
5
4
4
7
5
4
4
4
5
4
3
3
5
4
3
3
7
9
5
4
9
7
5
4
3
5
3
11
5
4
6
4
4
3
6
5
4
3
3
6
3
3
2
5
3
3
5
4
3
3
3
5
3
4
2
3
5
5
3
5
4
3
2
